 No.  TimeTiltAng Theta(L) Theta(R)  Mean    Dev.  Height  Width   Area   Volume  Messages
  1  0.000    0.0   59.55   54.17   56.86   2.69   0.723   2.882    7.99    2.49    
  2  0.277    0.0   59.43   54.14   56.78   2.65   0.723   2.883    7.99    2.49    
  3  0.447    0.0   59.46   54.04   56.75   2.71   0.723   2.883    7.99    2.49    
  4  0.698    0.0   59.57   54.15   56.86   2.71   0.723   2.882    7.98    2.49    
  5  0.945    0.0   59.47   54.12   56.80   2.67   0.723   2.882    7.99    2.49    
  6  1.195    0.0   59.43   54.15   56.79   2.64   0.722   2.882    7.99    2.49    
  7  1.446    0.0   59.43   54.04   56.74   2.69   0.722   2.883    7.99    2.49    
  8  1.694    0.0   59.51   54.06   56.78   2.73   0.722   2.882    7.98    2.49    
  9  1.947    0.0   59.48   53.98   56.73   2.75   0.722   2.882    7.98    2.48    
 10  2.193    0.0   59.44   54.04   56.74   2.70   0.722   2.882    7.98    2.49    
 11  2.446    0.0   59.48   53.86   56.67   2.81   0.722   2.883    7.99    2.48    
 12  2.694    0.0   59.43   54.18   56.81   2.62   0.722   2.882    7.98    2.48    
 13  2.943    0.0   59.45   54.00   56.73   2.72   0.722   2.882    7.98    2.48    
 14  3.193    0.0   59.33   53.98   56.65   2.67   0.721   2.883    7.96    2.47    
 15  3.443    0.0   59.27   53.88   56.57   2.69   0.721   2.883    7.97    2.47    
 16  3.691    0.0   59.30   54.08   56.69   2.61   0.721   2.883    7.98    2.48    
 17  3.941    0.0   59.39   53.97   56.68   2.71   0.721   2.883    7.98    2.48    
 18  4.210    0.0   59.36   53.98   56.67   2.69   0.721   2.882    7.98    2.48    
 19  4.441    0.0   59.37   54.02   56.70   2.67   0.721   2.882    7.97    2.48    
 20  4.691    0.0   59.38   53.93   56.66   2.73   0.721   2.882    7.98    2.48    
 21  4.942    0.0   59.29   53.93   56.61   2.68   0.721   2.883    7.98    2.48    
 22  5.208    0.0   59.30   53.92   56.61   2.69   0.721   2.882    7.98    2.48    
 23  5.458    0.0   59.34   54.07   56.71   2.63   0.721   2.882    7.97    2.48    
 24  5.710    0.0   59.35   54.01   56.68   2.67   0.720   2.882    7.97    2.48    
 25  5.958    0.0   59.36   53.85   56.61   2.76   0.720   2.882    7.97    2.48    
 26  6.204    0.0   59.36   54.14   56.75   2.61   0.720   2.881    7.97    2.48    
 27  6.459    0.0   59.29   53.96   56.63   2.67   0.720   2.882    7.97    2.48    
 28  6.708    0.0   59.25   53.72   56.49   2.77   0.720   2.883    7.96    2.46    
 29  6.958    0.0   59.18   54.05   56.61   2.56   0.720   2.882    7.95    2.46    
 30  7.208    0.0   59.10   53.91   56.51   2.60   0.720   2.882    7.96    2.46    
 31  7.456    0.0   59.19   53.86   56.52   2.66   0.720   2.882    7.96    2.46    
 32  7.707    0.0   59.15   53.90   56.53   2.62   0.720   2.882    7.95    2.46    
 33  7.956    0.0   59.17   53.72   56.45   2.73   0.720   2.883    7.96    2.46    
 34  8.206    0.0   59.13   53.74   56.44   2.69   0.720   2.883    7.95    2.46    
 35  8.456    0.0   59.11   53.90   56.50   2.60   0.720   2.883    7.96    2.46    
 36  8.703    0.0   59.19   53.87   56.53   2.66   0.720   2.882    7.95    2.46    
 37  8.955    0.0   59.23   53.69   56.46   2.77   0.719   2.883    7.95    2.46    
 38  9.198    0.0   59.14   53.84   56.49   2.65   0.719   2.882    7.95    2.46    
 39  9.453    0.0   59.27   53.79   56.53   2.74   0.719   2.882    7.95    2.46    
 40  9.699    0.0   59.13   53.64   56.38   2.74   0.719   2.883    7.95    2.46    
 41  9.949    0.0   59.17   53.92   56.54   2.62   0.719   2.882    7.94    2.46    
 42  10.20    0.0   59.01   53.93   56.47   2.54   0.719   2.882    7.95    2.46    
 43  10.45    0.0   59.08   53.74   56.41   2.67   0.719   2.882    7.96    2.47    
 44  10.70    0.0   59.12   53.93   56.52   2.59   0.719   2.882    7.94    2.46    
 45  10.95    0.0   59.07   53.73   56.40   2.67   0.719   2.883    7.95    2.46    
 46  11.20    0.0   59.17   53.86   56.52   2.66   0.719   2.882    7.94    2.46    
 47  11.44    0.0   59.13   53.89   56.51   2.62   0.718   2.881    7.94    2.46    
 48  11.70    0.0   59.07   53.79   56.43   2.64   0.719   2.882    7.94    2.45    
 49  11.95    0.0   59.10   53.70   56.40   2.70   0.718   2.882    7.95    2.46    
 50  12.19    0.0   59.04   53.69   56.37   2.67   0.718   2.883    7.95    2.45    
 51  12.44    0.0   59.08   53.61   56.35   2.73   0.718   2.883    7.96    2.47    
 52  12.69    0.0   59.13   53.65   56.39   2.74   0.718   2.882    7.94    2.45    
 53  12.94    0.0   59.07   53.73   56.40   2.67   0.718   2.882    7.94    2.45    
 54  13.19    0.0   59.15   53.74   56.44   2.70   0.718   2.882    7.95    2.46    
 55  13.44    0.0   59.02   53.69   56.36   2.67   0.718   2.883    7.95    2.45    
 56  13.69    0.0   59.00   53.59   56.29   2.71   0.717   2.883    7.95    2.45    
 57  13.94    0.0   59.10   53.86   56.48   2.62   0.717   2.881    7.94    2.45    
 58  14.19    0.0   59.08   53.76   56.42   2.66   0.717   2.882    7.95    2.46    
 59  14.46    0.0   58.99   53.76   56.38   2.61   0.717   2.882    7.94    2.45    
 60  14.71    0.0   58.95   54.13   56.54   2.41   0.717   2.881    7.93    2.45    
