 No.  TimeTiltAng Theta(L) Theta(R)  Mean    Dev.  Height  Width   Area   Volume  Messages
  1  0.000    0.0   44.78   47.34   46.06   1.28   0.612   2.989    7.95    2.17    
  2  0.268    0.0   44.80   47.11   45.96   1.15   0.612   2.989    7.95    2.17    
  3  0.445    0.0   44.82   47.12   45.97   1.15   0.611   2.989    7.95    2.17    
  4  0.692    0.0   44.82   47.16   45.99   1.17   0.611   2.989    7.95    2.17    
  5  0.945    0.0   44.80   47.12   45.96   1.16   0.611   2.989    7.94    2.17    
  6  1.190    0.0   44.79   46.96   45.88   1.09   0.611   2.990    7.94    2.17    
  7  1.445    0.0   44.81   47.11   45.96   1.15   0.611   2.989    7.95    2.16    
  8  1.693    0.0   44.81   47.06   45.93   1.12   0.610   2.989    7.94    2.16    
  9  1.943    0.0   44.81   47.08   45.95   1.13   0.610   2.989    7.94    2.16    
 10  2.192    0.0   44.77   47.01   45.89   1.12   0.610   2.990    7.94    2.16    
 11  2.443    0.0   44.79   46.87   45.83   1.04   0.609   2.990    7.94    2.16    
 12  2.693    0.0   44.81   47.18   46.00   1.18   0.609   2.988    7.94    2.16    
 13  2.940    0.0   44.78   46.94   45.86   1.08   0.609   2.989    7.93    2.16    
 14  3.196    0.0   44.74   47.04   45.89   1.15   0.609   2.989    7.93    2.16    
 15  3.442    0.0   44.72   47.11   45.92   1.20   0.609   2.989    7.94    2.16    
 16  3.691    0.0   44.79   46.86   45.83   1.03   0.609   2.990    7.93    2.16    
 17  3.951    0.0   44.73   47.03   45.88   1.15   0.608   2.989    7.94    2.16    
 18  4.190    0.0   44.72   47.22   45.97   1.25   0.608   2.988    7.94    2.16    
 19  4.451    0.0   44.74   46.93   45.84   1.10   0.608   2.990    7.93    2.16    
 20  4.700    0.0   44.72   46.97   45.84   1.13   0.607   2.989    7.93    2.16    
 21  4.950    0.0   44.75   47.08   45.91   1.17   0.607   2.989    7.93    2.16    
 22  5.200    0.0   44.71   46.96   45.84   1.12   0.607   2.990    7.94    2.16    
 23  5.451    0.0   44.66   46.86   45.76   1.10   0.607   2.991    7.94    2.15    
 24  5.699    0.0   44.69   47.04   45.87   1.17   0.607   2.990    7.93    2.15    
 25  5.948    0.0   44.68   47.17   45.92   1.24   0.607   2.989    7.93    2.15    
 26  6.198    0.0   44.67   46.92   45.80   1.13   0.607   2.991    7.94    2.16    
 27  6.449    0.0   44.63   46.87   45.75   1.12   0.606   2.991    7.94    2.15    
 28  6.697    0.0   44.64   46.91   45.77   1.13   0.606   2.991    7.93    2.15    
 29  6.947    0.0   44.65   46.88   45.77   1.12   0.606   2.991    7.93    2.15    
 30  7.198    0.0   44.58   46.85   45.71   1.13   0.606   2.992    7.93    2.15    
 31  7.445    0.0   44.56   46.84   45.70   1.14   0.606   2.993    7.94    2.15    
 32  7.695    0.0   44.56   47.02   45.79   1.23   0.606   2.990    7.93    2.15    
 33  7.946    0.0   44.49   46.80   45.65   1.15   0.606   2.992    7.93    2.15    
 34  8.194    0.0   44.52   46.89   45.70   1.19   0.606   2.991    7.93    2.15    
 35  8.444    0.0   44.55   46.86   45.71   1.16   0.605   2.991    7.93    2.15    
 36  8.693    0.0   44.45   46.84   45.64   1.20   0.605   2.992    7.93    2.15    
 37  8.944    0.0   44.47   46.85   45.66   1.19   0.605   2.991    7.93    2.15    
 38  9.193    0.0   44.46   46.62   45.54   1.08   0.605   2.993    7.93    2.15    
 39  9.444    0.0   44.43   46.90   45.67   1.24   0.605   2.991    7.93    2.14    
 40  9.694    0.0   44.41   46.61   45.51   1.10   0.605   2.993    7.93    2.15    
 41  9.942    0.0   44.41   46.82   45.62   1.20   0.604   2.992    7.93    2.14    
 42  10.19    0.0   44.47   46.59   45.53   1.06   0.604   2.993    7.93    2.14    
 43  10.44    0.0   44.43   46.65   45.54   1.11   0.604   2.992    7.93    2.14    
 44  10.69    0.0   44.45   46.62   45.54   1.09   0.604   2.992    7.93    2.14    
 45  10.94    0.0   44.40   46.71   45.55   1.15   0.604   2.992    7.93    2.14    
 46  11.19    0.0   44.39   46.68   45.54   1.15   0.604   2.993    7.92    2.14    
 47  11.44    0.0   44.41   46.59   45.50   1.09   0.603   2.992    7.93    2.14    
 48  11.71    0.0   44.45   46.72   45.59   1.14   0.603   2.991    7.92    2.14    
 49  11.96    0.0   44.46   46.38   45.42   0.96   0.603   2.993    7.92    2.14    
 50  12.21    0.0   44.46   46.52   45.49   1.03   0.602   2.992    7.92    2.13    
 51  12.46    0.0   44.48   46.34   45.41   0.93   0.602   2.993    7.92    2.13    
 52  12.71    0.0   44.46   46.39   45.43   0.97   0.601   2.992    7.92    2.13    
 53  12.96    0.0   44.54   46.18   45.36   0.82   0.600   2.993    7.92    2.13    
 54  13.21    0.0   44.62   46.11   45.37   0.75   0.599   2.993    7.92    2.13    
 55  13.46    0.0   44.64   46.18   45.41   0.77   0.599   2.992    7.91    2.13    
 56  13.71    0.0   44.65   46.00   45.32   0.68   0.598   2.994    7.91    2.13    
 57  13.96    0.0   44.66   46.09   45.38   0.71   0.598   2.993    7.94    2.13    
 58  14.21    0.0   44.67   46.08   45.38   0.71   0.598   2.993    7.94    2.13    
 59  14.45    0.0   44.65   46.02   45.34   0.68   0.597   2.994    7.94    2.13    
 60  14.70    0.0   44.62   45.59   45.10   0.49   0.597   2.997    7.94    2.13    
