 No.  TimeTiltAng Theta(L) Theta(R)  Mean    Dev.  Height  Width   Area   Volume  Messages
  1  0.000    0.0   36.14   37.62   36.88   0.74   0.516   3.406    9.55    2.30    
  2  0.275    0.0   36.12   37.61   36.87   0.75   0.516   3.408    9.59    2.32    
  3  0.449    0.0   35.97   36.65   36.31   0.34   0.515   3.417    9.60    2.31    
  4  0.694    0.0   35.62   36.52   36.07   0.45   0.514   3.421    9.61    2.30    
  5  0.952    0.0   35.81   36.59   36.20   0.39   0.514   3.421    9.64    2.32    
  6  1.202    0.0   35.77   36.59   36.18   0.41   0.513   3.422    9.64    2.32    
  7  1.452    0.0   35.69   36.00   35.85   0.15   0.512   3.425    9.60    2.29    
  8  1.692    0.0   35.76   36.49   36.12   0.37   0.512   3.422    9.64    2.31    
  9  1.951    0.0   35.41   36.26   35.83   0.43   0.510   3.426    9.66    2.31    
 10  2.196    0.0   35.54   35.95   35.74   0.21   0.510   3.426    9.60    2.29    
 11  2.441    0.0   35.38   35.80   35.59   0.21   0.509   3.428    9.61    2.28    
 12  2.700    0.0   35.50   35.91   35.71   0.20   0.509   3.429    9.60    2.29    
 13  2.941    0.0   35.57   35.88   35.72   0.16   0.508   3.429    9.62    2.28    
 14  3.190    0.0   35.65   35.74   35.69   0.05   0.507   3.430    9.62    2.28    
 15  3.440    0.0   35.82   35.57   35.70   0.12   0.506   3.431    9.62    2.28    
 16  3.693    0.0   35.87   35.64   35.75   0.11   0.505   3.430    9.61    2.28    
 17  3.959    0.0   35.67   36.19   35.93   0.26   0.504   3.435    9.68    2.30    
 18  4.204    0.0   35.63   35.94   35.79   0.15   0.502   3.440    9.68    2.29    
 19  4.459    0.0   35.63   34.97   35.30   0.33   0.502   3.448    9.70    2.29    
 20  4.696    0.0   35.56   36.06   35.81   0.25   0.501   3.441    9.68    2.29    
 21  4.946    0.0   35.59   33.97   34.78   0.81   0.501   3.460    9.78    2.28    
 22  5.192    0.0   35.59   34.69   35.14   0.45   0.499   3.454    9.73    2.28    
 23  5.457    0.0   35.53   34.92   35.22   0.30   0.499   3.455    9.73    2.28    
 24  5.694    0.0   35.58   34.67   35.12   0.45   0.498   3.455    9.72    2.27    
 25  5.944    0.0   35.55   34.25   34.90   0.65   0.497   3.460    9.83    2.28    
 26  6.206    0.0   35.72   34.99   35.35   0.36   0.496   3.454    9.72    2.27    
 27  6.454    0.0   35.90   34.96   35.43   0.47   0.495   3.459    9.78    2.28    
 28  6.704    0.0   35.87   35.15   35.51   0.36   0.493   3.457    9.78    2.28    
 29  6.949    0.0   35.77   35.26   35.51   0.25   0.492   3.458    9.78    2.27    
 30  7.200    0.0   35.84   35.17   35.51   0.34   0.492   3.456    9.78    2.27    
 31  7.442    0.0   35.86   35.05   35.45   0.40   0.491   3.456    9.71    2.25    
 32  7.702    0.0   35.82   35.06   35.44   0.38   0.491   3.457    9.78    2.26    
 33  7.953    0.0   35.34   34.99   35.17   0.17   0.490   3.461    9.77    2.26    
 34  8.198    0.0   35.25   34.79   35.02   0.23   0.489   3.463    9.82    2.26    
 35  8.452    0.0   34.24   34.55   34.39   0.16   0.489   3.475    9.80    2.24    
 36  8.702    0.0   34.46   34.98   34.72   0.26   0.488   3.471    9.81    2.26    
 37  8.951    0.0   34.39   34.93   34.66   0.27   0.488   3.471    9.81    2.26    
 38  9.195    0.0   32.61   34.69   33.65   1.04   0.487   3.490    9.89    2.26    
 39  9.450    0.0   32.53   34.06   33.29   0.77   0.486   3.493    9.83    2.23    
 40  9.704    0.0   32.71   34.65   33.68   0.97   0.484   3.491    9.88    2.25    
 41  9.950    0.0   32.57   34.50   33.53   0.96   0.484   3.492    9.88    2.25    
 42  10.19    0.0   32.42   34.39   33.41   0.99   0.482   3.494    9.89    2.25    
 43  10.44    0.0   32.40   34.56   33.48   1.08   0.482   3.493    9.89    2.25    
 44  10.69    0.0   32.39   34.28   33.33   0.95   0.481   3.495    9.89    2.24    
 45  10.94    0.0   31.87   34.32   33.10   1.22   0.481   3.501    9.92    2.24    
 46  11.20    0.0   31.82   34.46   33.14   1.32   0.480   3.500    9.91    2.24    
 47  11.45    0.0   31.90   34.16   33.03   1.13   0.479   3.501    9.92    2.24    
 48  11.69    0.0   31.72   34.38   33.05   1.33   0.479   3.500    9.91    2.23    
 49  11.94    0.0   31.83   34.28   33.06   1.22   0.478   3.500    9.91    2.23    
 50  12.19    0.0   31.71   34.42   33.07   1.35   0.477   3.500    9.90    2.23    
 51  12.45    0.0   31.93   34.36   33.15   1.21   0.477   3.498    9.88    2.23    
 52  12.70    0.0   31.93   34.15   33.04   1.11   0.477   3.499    9.88    2.22    
 53  12.94    0.0   31.51   34.26   32.89   1.38   0.475   3.499    9.90    2.21    
 54  13.19    0.0   31.72   34.35   33.04   1.31   0.474   3.496    9.89    2.20    
 55  13.44    0.0   31.71   34.24   32.98   1.27   0.473   3.497    9.89    2.20    
 56  13.71    0.0   31.68   34.35   33.01   1.34   0.473   3.496    9.89    2.20    
 57  13.96    0.0   31.91   34.17   33.04   1.13   0.472   3.494    9.86    2.20    
 58  14.21    0.0   31.72   34.15   32.94   1.21   0.472   3.495    9.89    2.19    
 59  14.46    0.0   32.09   34.18   33.13   1.05   0.471   3.492    9.86    2.20    
 60  14.69    0.0   31.92   33.79   32.86   0.94   0.471   3.495    9.90    2.19    
