 No.  TimeTiltAng Theta(L) Theta(R)  Mean    Dev.  Height  Width   Area   Volume  Messages
  1  0.000    0.0   47.51   46.22   46.86   0.64   0.790   3.727   12.60    4.40    
  2  0.194    0.0   47.43   46.21   46.82   0.61   0.790   3.727   12.60    4.40    
  3  0.443    0.0   47.35   46.17   46.76   0.59   0.790   3.727   12.61    4.40    
  4  0.700    0.0   47.47   46.20   46.84   0.63   0.790   3.727   12.60    4.40    
  5  0.942    0.0   47.47   46.16   46.82   0.65   0.789   3.727   12.60    4.40    
  6  1.203    0.0   47.42   46.15   46.78   0.64   0.789   3.727   12.60    4.40    
  7  1.453    0.0   47.42   46.10   46.76   0.66   0.789   3.727   12.60    4.40    
  8  1.699    0.0   47.41   46.20   46.81   0.61   0.789   3.727   12.60    4.40    
  9  1.956    0.0   47.40   46.16   46.78   0.62   0.790   3.727   12.60    4.40    
 10  2.201    0.0   47.42   46.13   46.78   0.64   0.789   3.727   12.60    4.40    
 11  2.452    0.0   47.43   46.15   46.79   0.64   0.789   3.727   12.60    4.39    
 12  2.697    0.0   47.35   46.16   46.76   0.60   0.789   3.727   12.60    4.40    
 13  2.951    0.0   47.38   46.18   46.78   0.60   0.789   3.727   12.59    4.39    
 14  3.195    0.0   47.38   46.10   46.74   0.64   0.789   3.727   12.59    4.39    
 15  3.446    0.0   47.34   46.12   46.73   0.61   0.789   3.727   12.60    4.39    
 16  3.703    0.0   47.39   46.10   46.74   0.65   0.789   3.727   12.59    4.39    
 17  3.951    0.0   47.40   46.07   46.74   0.66   0.789   3.727   12.59    4.39    
 18  4.203    0.0   47.35   46.17   46.76   0.59   0.789   3.727   12.59    4.39    
 19  4.452    0.0   47.35   46.19   46.77   0.58   0.789   3.727   12.59    4.39    
 20  4.697    0.0   47.34   46.10   46.72   0.62   0.789   3.727   12.59    4.39    
 21  4.947    0.0   47.34   46.18   46.76   0.58   0.788   3.727   12.59    4.39    
 22  5.197    0.0   47.37   46.12   46.75   0.62   0.788   3.727   12.59    4.39    
 23  5.446    0.0   47.33   46.08   46.71   0.63   0.788   3.727   12.59    4.39    
 24  5.691    0.0   47.33   46.08   46.70   0.62   0.788   3.727   12.59    4.39    
 25  5.941    0.0   47.35   46.15   46.75   0.60   0.788   3.727   12.59    4.39    
 26  6.206    0.0   47.31   46.08   46.69   0.62   0.788   3.727   12.59    4.39    
 27  6.458    0.0   47.29   46.04   46.67   0.62   0.788   3.727   12.59    4.39    
 28  6.692    0.0   47.34   46.07   46.71   0.64   0.788   3.727   12.59    4.39    
 29  6.943    0.0   47.28   46.05   46.67   0.62   0.788   3.727   12.59    4.39    
 30  7.204    0.0   47.26   46.12   46.69   0.57   0.788   3.727   12.59    4.39    
 31  7.442    0.0   47.30   46.03   46.66   0.64   0.787   3.727   12.59    4.39    
 32  7.692    0.0   47.30   46.01   46.66   0.65   0.787   3.727   12.59    4.38    
 33  7.942    0.0   47.28   46.07   46.68   0.60   0.788   3.727   12.59    4.38    
 34  8.192    0.0   47.33   46.04   46.69   0.65   0.788   3.727   12.59    4.38    
 35  8.446    0.0   47.27   46.03   46.65   0.62   0.787   3.727   12.59    4.38    
 36  8.704    0.0   47.28   46.08   46.68   0.60   0.787   3.727   12.59    4.38    
 37  8.952    0.0   47.25   46.05   46.65   0.60   0.787   3.727   12.58    4.38    
 38  9.201    0.0   47.27   46.01   46.64   0.63   0.787   3.727   12.58    4.38    
 39  9.452    0.0   47.28   45.99   46.64   0.65   0.787   3.727   12.58    4.38    
 40  9.700    0.0   47.23   46.05   46.64   0.59   0.787   3.727   12.58    4.38    
 41  9.950    0.0   47.32   46.02   46.67   0.65   0.787   3.726   12.58    4.38    
 42  10.20    0.0   47.29   46.05   46.67   0.62   0.787   3.727   12.59    4.38    
 43  10.45    0.0   47.23   45.97   46.60   0.63   0.787   3.727   12.58    4.38    
 44  10.70    0.0   47.22   46.01   46.62   0.61   0.786   3.727   12.58    4.38    
 45  10.95    0.0   47.31   46.01   46.66   0.65   0.786   3.727   12.58    4.38    
 46  11.20    0.0   47.25   45.95   46.60   0.65   0.786   3.727   12.58    4.38    
 47  11.45    0.0   47.23   45.97   46.60   0.63   0.786   3.727   12.58    4.38    
 48  11.70    0.0   47.21   46.00   46.61   0.60   0.786   3.727   12.58    4.38    
 49  11.95    0.0   47.18   46.01   46.60   0.58   0.786   3.727   12.58    4.38    
 50  12.20    0.0   47.23   45.98   46.60   0.63   0.786   3.727   12.58    4.38    
 51  12.45    0.0   47.20   45.98   46.59   0.61   0.786   3.727   12.58    4.38    
 52  12.70    0.0   47.18   45.97   46.58   0.61   0.786   3.727   12.58    4.38    
 53  12.95    0.0   47.25   45.95   46.60   0.65   0.786   3.727   12.58    4.37    
 54  13.20    0.0   47.24   45.93   46.59   0.66   0.786   3.727   12.58    4.37    
 55  13.45    0.0   47.17   45.97   46.57   0.60   0.786   3.727   12.58    4.37    
 56  13.74    0.0   47.19   45.89   46.54   0.65   0.786   3.727   12.58    4.37    
 57  13.94    0.0   47.19   45.99   46.59   0.60   0.786   3.727   12.58    4.37    
 58  14.19    0.0   47.15   45.93   46.54   0.61   0.785   3.727   12.58    4.37    
 59  14.44    0.0   47.22   45.90   46.56   0.66   0.785   3.727   12.58    4.37    
 60  14.69    0.0   47.16   45.94   46.55   0.61   0.785   3.727   12.58    4.37    
