 No.  TimeTiltAng Theta(L) Theta(R)  Mean    Dev.  Height  Width   Area   Volume  Messages
  1  0.000    0.0   41.50   42.71   42.11   0.61   0.621   3.293    9.49    2.65    
  2  0.273    0.0   41.52   42.73   42.13   0.60   0.621   3.293    9.49    2.64    
  3  0.450    0.0   41.55   42.76   42.15   0.61   0.620   3.293    9.49    2.65    
  4  0.700    0.0   41.52   42.72   42.12   0.60   0.621   3.293    9.49    2.64    
  5  0.949    0.0   41.59   42.71   42.15   0.56   0.621   3.293    9.48    2.64    
  6  1.199    0.0   41.48   42.75   42.11   0.63   0.620   3.293    9.49    2.64    
  7  1.449    0.0   41.66   42.71   42.19   0.53   0.620   3.292    9.45    2.63    
  8  1.697    0.0   41.64   42.70   42.17   0.53   0.620   3.292    9.45    2.63    
  9  1.947    0.0   41.69   42.71   42.20   0.51   0.620   3.291    9.45    2.63    
 10  2.196    0.0   41.66   42.70   42.18   0.52   0.620   3.292    9.44    2.63    
 11  2.447    0.0   41.58   42.78   42.18   0.60   0.620   3.291    9.44    2.63    
 12  2.692    0.0   41.63   42.70   42.17   0.54   0.620   3.292    9.44    2.63    
 13  2.945    0.0   41.62   42.72   42.17   0.55   0.620   3.291    9.44    2.63    
 14  3.194    0.0   41.58   42.72   42.15   0.57   0.620   3.292    9.44    2.63    
 15  3.445    0.0   41.49   42.61   42.05   0.56   0.620   3.293    9.48    2.64    
 16  3.690    0.0   41.56   42.72   42.14   0.58   0.620   3.292    9.44    2.63    
 17  3.944    0.0   41.39   42.66   42.02   0.64   0.619   3.293    9.48    2.64    
 18  4.198    0.0   41.57   42.66   42.12   0.54   0.619   3.292    9.44    2.63    
 19  4.442    0.0   41.59   42.67   42.13   0.54   0.620   3.292    9.44    2.63    
 20  4.694    0.0   41.53   42.67   42.10   0.57   0.619   3.292    9.44    2.63    
 21  4.944    0.0   41.59   42.63   42.11   0.52   0.619   3.292    9.44    2.63    
 22  5.192    0.0   41.55   42.61   42.08   0.53   0.619   3.292    9.44    2.63    
 23  5.443    0.0   41.57   42.63   42.10   0.53   0.619   3.291    9.44    2.63    
 24  5.703    0.0   41.43   42.56   41.99   0.57   0.619   3.293    9.48    2.63    
 25  5.953    0.0   41.43   42.63   42.03   0.60   0.619   3.293    9.48    2.63    
 26  6.204    0.0   41.48   42.58   42.03   0.55   0.619   3.292    9.44    2.63    
 27  6.442    0.0   41.41   42.63   42.02   0.61   0.619   3.292    9.47    2.63    
 28  6.701    0.0   41.55   42.59   42.07   0.52   0.619   3.292    9.44    2.62    
 29  6.953    0.0   41.55   42.60   42.08   0.52   0.619   3.292    9.44    2.62    
 30  7.200    0.0   41.49   42.59   42.04   0.55   0.619   3.292    9.44    2.62    
 31  7.452    0.0   41.48   42.58   42.03   0.55   0.618   3.292    9.44    2.62    
 32  7.699    0.0   41.45   42.55   42.00   0.55   0.618   3.292    9.44    2.62    
 33  7.950    0.0   41.44   42.53   41.98   0.55   0.618   3.292    9.43    2.62    
 34  8.199    0.0   41.39   42.57   41.98   0.59   0.618   3.293    9.47    2.63    
 35  8.450    0.0   41.47   42.52   42.00   0.52   0.617   3.291    9.43    2.62    
 36  8.700    0.0   41.43   42.52   41.97   0.54   0.618   3.292    9.43    2.62    
 37  8.948    0.0   41.47   42.51   41.99   0.52   0.618   3.291    9.43    2.62    
 38  9.197    0.0   41.49   42.48   41.98   0.50   0.617   3.291    9.43    2.62    
 39  9.448    0.0   41.46   42.54   42.00   0.54   0.617   3.292    9.43    2.62    
 40  9.697    0.0   41.44   42.49   41.97   0.53   0.617   3.291    9.43    2.62    
 41  9.948    0.0   41.42   42.51   41.96   0.55   0.618   3.292    9.43    2.62    
 42  10.20    0.0   41.46   42.48   41.97   0.51   0.617   3.292    9.43    2.62    
 43  10.45    0.0   41.40   42.53   41.97   0.57   0.617   3.292    9.43    2.62    
 44  10.69    0.0   41.37   42.51   41.94   0.57   0.617   3.292    9.43    2.62    
 45  10.95    0.0   41.25   42.52   41.89   0.64   0.617   3.293    9.47    2.62    
 46  11.20    0.0   41.37   42.47   41.92   0.55   0.617   3.292    9.43    2.62    
 47  11.44    0.0   41.44   42.41   41.92   0.49   0.617   3.292    9.43    2.62    
 48  11.69    0.0   41.38   42.50   41.94   0.56   0.616   3.291    9.43    2.61    
 49  11.94    0.0   41.43   42.39   41.91   0.48   0.617   3.292    9.43    2.61    
 50  12.19    0.0   41.39   42.51   41.95   0.56   0.617   3.292    9.43    2.61    
 51  12.44    0.0   41.38   42.45   41.91   0.54   0.616   3.291    9.43    2.61    
 52  12.69    0.0   41.32   42.45   41.88   0.57   0.616   3.292    9.43    2.61    
 53  12.94    0.0   41.35   42.47   41.91   0.56   0.616   3.292    9.43    2.61    
 54  13.19    0.0   41.37   42.46   41.91   0.55   0.616   3.292    9.43    2.61    
 55  13.44    0.0   41.40   42.35   41.88   0.47   0.616   3.292    9.43    2.61    
 56  13.69    0.0   41.35   42.44   41.90   0.54   0.616   3.291    9.42    2.61    
 57  13.94    0.0   41.37   42.43   41.90   0.53   0.616   3.291    9.42    2.61    
 58  14.21    0.0   41.28   42.43   41.86   0.57   0.615   3.292    9.42    2.61    
 59  14.46    0.0   41.33   42.41   41.87   0.54   0.616   3.292    9.43    2.61    
 60  14.71    0.0   41.31   42.41   41.86   0.55   0.616   3.292    9.43    2.61    
